$ANSIBLE_VAULT;1.1;AES256
38306462626132336162303330616464343034333365353932653238303266613433316434323834
6663303433346461623138346132306464663463336264660a313537313134396561356661336636
38643633343831336433623364613864633762366565333631636639613833323931373536653237
3865626364323032360a353066666535663864356537666464653838396635626265303961323135
30373233633866313137613162323034333132313838636261643037323962313632336537373637
31393930633036653534316535636335346236636238393234663537623635656432393231323535
31393534393934353764343539313166303135363364386561383531356639616539616364316566
66393361666235313835666365313163366538636565366236306638323038336431393165393635
33356430366130326532656632646539636334356530343261366232306364623765346462346233
64313463343630373064653265626337333961633532306262613836363234383465323431633165
62353435393131326264663030316337666631363261643562623439626632663864636236366432
31663335306234396131636666396662366534643834626563316437323666623939663936393931
65623534626235383464653562396337643961646665396666366663373435366466393363303836
61623861636236626638333130626337636463306532373864393862383266323661666638663833
38313664373365653331666265366534633636313232643237613434633039336461656130633233
62363532373835623264666131303138366166653136623130656363346330396561633632396135
39376330336265613933623937376533336362653566366532643066393832303666303665646233
34303161336365376538396539616661376361373064346662323265366439633263623563636236
64633265343966636636383339363533636632663663633264643639323164666437643635383630
38386536373664336433633235336464366665393261643736323039656135303766633135623634
62616332356562353537373361393361386535333838383131653436316361376631366266313262
64323262616335303661316633323034396239653566376539396637333239613933666162353031
32353738663166373432656335393961633262393866613161313030373962326236646465386662
30386666333264316234373864326662366663373366623332323835313264373164353636336235
34663765666263663961383138326433353761376638376536643936343564623938393262616430
62326131653066366262343164306363333933353036616262613933613638393664363231333536
64346239616462346331353364626330653830376364303139313330643537666166343963343061
37396438383935366665396638396438613162316334646338623765343663396238373238633537
39643631636238363236336432623130353633376564353265633866356230303238353133353365
32663239363066303063393631326537616464346336346263356639323062376437383338343237
65666163383831643836333330343362383230376530393561356265623233613765613434616534
39303031396634346433303634623266343938303635643334343031623563323132616634663933
30636531613334366461366161353835353735326362663134343663623836323364626237633339
32656462643932303636303837663266373133373637616534343131383866393736393861376263
30656638626162386666306363663632346533366638663439663732666464656435646264623038
39653936373062333737386232626566653938626536356137356361313430373263623334663764
32636365656533333139643537303363316265383066366661613265373966396466303965303136
66303664663665346132316639326561376533376262386134336135373364363462653134613237
36646432323534393062373363656361643139323536366262613033326636353131653330663961
34653461616532653132336164336132373433393364313231366139626239393966326165666330
36363666613362666239383936616136626631613737316637356630656232663633383263383265
64623032653066343663656538613237306536663061346366343631633064656563613738393531
33366462346438666336373634623264323664663161626238356437326164626561366238636630
36626664653839623134623439383365636264616134623130326662623532316134393161646636
32393735323166616235633563636264613830316432373131623561636333646434343538623265
38333439323834663464653838633833353261626366353363323231653361333030323836633566
39623735356637303837383262363164666337353866313837633732653335313930613439323935
39306363333637643565383636366166343836323961666439636636303764363733626135376565
32646631643637316635393065306361383932383236306433663662363461613530346231623133
32346666366461306537383061623930636461323437356336663238363462303565383935666634
65626466646131653864333639616261666330383338313735373266303465373332306233663532
35616130353637633039356538643961313162663733376630383136386431336266313230623266
37303732336465613736623436306239613234313661363462333737333365353936323933643937
62626134313030306461386533666635626136626566346438356139383861353061626261663561
30373638313632383966313130386330303735386166663038303131633861323333386235643061
36373534333230373030616534343162343135616535663263346333313135643962636234386638
62663336633963613561663936313735363930363437633839646338333630383534613132633039
37636439623062386261626566623865373935383139363834386462343861373139356663316335
66613561396535653337393038613263373261393437356365323364346237613535363765656532
37656236336530636262323931633035313730323563333235656661636361323832663437643263
31323935633133636231313737623663323633383233656365393035316636383566363162383433
30666235643333643130643238663839353365326163633035393331333539396161393133303262
30323834356233373666613730616363323263306536666163366133373234323363653065623963
64386339386264346161663937643764313635346234626564393464343361333637383430356537
31356430323566646535323438653933623735303866353863366362666631353239316337373536
61383539613636336338336439356531396131653333313565613330366637633139613332363430
63366361313964303335333564346631663066346232633462646131363262396636366165343066
32306664613963353634333333323232653661313964323031646238303664326338633465376465
63353362303466633533646336353433636236393262653361383831343263363835373338336234
31373464613065393363336364386638616430316663643162613633623037353938613833643334
31666665386631313166393261313437643663393362623731383462333162383030303633303166
31646632353739663136613331386461643131306433303437663563623134383238396238336465
31323931653535623664623335643934373339323733303466336638663663353661633235353439
65353439656238396231363361643366393935643834323731336664356134316462346237303935
61326665646232626130353462663739316236363264366266656262336665363362383934373939
62376337316130393365383639666564376635633835663539373165313437373565356631336637
32343763303566303639363463633665393065613564373761343737376134616633306162356330
36306266616531376634346637313834363233653934353031333964636661393963353232666437
36343834663865323362333830626665333962326139313361333237633365313831363564646230
38663662636466353065356461663935353036356265343234333262353266303937626561326639
32383935663966333831326133663436653432313532613730303465313833313439356430633866
39613063306532396563626137613132633438326562626464636336313333393261646562616336
35313861653066363065333463633961383034363136393262613635663866343962326437353631
38666165613863376434
